0 Untitled Model
0 Name:  sy-wro2021-robot
0 Author:  
0 CustomBrick
0 NumOfBricks:  246
1 4 -329.998900 -130.662700 -50.005840 -1.000032 0.000098 0.000020 0.000098 1.000000 0.000000 -0.000020 0.000000 -1.000032 32062.dat
1 0 -344.995500 -90.661050 -50.006150 -0.000021 -1.000032 -0.000099 0.000001 0.000099 -1.000000 1.000032 -0.000021 0.000001 6632.dat
1 4 -329.995000 -90.662560 -50.005840 -1.000032 0.000098 0.000020 0.000098 1.000000 0.000000 -0.000020 0.000000 -1.000032 32062.dat
1 72 -309.996400 -110.664500 -50.005420 -1.000032 0.000098 0.000020 0.000098 1.000000 0.000000 -0.000020 0.000000 -1.000032 87083.dat
1 71 -314.996400 -110.664100 -50.005540 -0.000020 0.000098 -1.000032 0.000000 1.000000 0.000098 1.000032 0.000000 -0.000020 32123a.dat
1 71 -294.996300 -110.666000 -50.005180 -0.000020 0.000098 -1.000032 0.000000 1.000000 0.000098 1.000032 0.000000 -0.000020 32123a.dat
1 71 -329.991100 -111.236400 -49.965800 -0.000402 -0.000401 -1.000032 0.000939 -1.000000 0.000400 -1.000031 -0.000939 0.000402 86652.dat
1 0 -329.240900 -110.736600 -49.965620 0.000580 0.000010 -1.000032 0.707039 0.707175 0.000417 0.707191 -0.707055 0.000403 32019.dat
1 1 40.018270 -80.698800 -90.003760 -0.000098 0.000020 1.000032 -1.000000 0.000000 -0.000098 0.000000 -1.000032 0.000020 43093.dat
1 1 40.012490 -140.699000 -90.003810 0.000098 1.000032 0.000020 1.000000 -0.000098 0.000000 0.000000 0.000020 -1.000032 43093.dat
1 1 90.016700 -110.703700 -69.998200 1.000032 0.000098 -0.000020 -0.000098 1.000000 0.000000 0.000020 0.000000 1.000032 43093.dat
1 71 95.016750 -110.704200 -69.998070 0.000020 0.000098 1.000032 0.000000 1.000000 -0.000098 -1.000032 0.000000 0.000020 32123a.dat
1 0 105.017200 -110.705200 -69.997890 -0.000097 1.000032 -0.000020 -1.000000 -0.000098 -0.000001 -0.000001 0.000020 1.000032 6632.dat
1 1 90.015970 -110.703700 -29.996540 1.000032 0.000098 -0.000020 -0.000098 1.000000 0.000000 0.000020 0.000000 1.000032 43093.dat
1 71 95.016030 -110.704200 -29.996420 0.000020 0.000098 1.000032 0.000000 1.000000 -0.000098 -1.000032 0.000000 0.000020 32123a.dat
1 0 -99.985770 -70.685160 -90.006690 -0.000020 0.000099 -1.000032 0.000001 1.000000 0.000099 1.000032 -0.000001 -0.000020 64871.dat
1 0 -220.487700 -50.673460 -90.009120 1.000032 -0.000098 0.000020 -0.000098 -1.000000 0.000000 0.000020 0.000000 -1.000032 32009.dat
1 1 -139.985800 -60.681220 -90.007350 0.000098 0.000020 -1.000032 1.000000 0.000000 0.000098 0.000000 -1.000032 -0.000020 43093.dat
1 1 -239.990900 -80.671380 -90.009460 -0.000098 0.000020 1.000032 -1.000000 0.000000 -0.000098 0.000000 -1.000032 0.000020 43093.dat
1 1 -239.996800 -140.671600 -90.009460 0.000098 1.000032 0.000020 1.000000 -0.000098 0.000000 0.000000 0.000020 -1.000032 43093.dat
1 0 -99.993830 -150.685300 -90.006740 -0.000020 0.000099 -1.000032 0.000001 1.000000 0.000099 1.000032 -0.000001 -0.000020 64871.dat
1 1 -289.995700 -110.666500 -70.005720 -1.000032 0.000098 0.000020 0.000098 1.000000 0.000000 -0.000020 0.000000 -1.000032 43093.dat
1 71 -294.995700 -110.666000 -70.005840 -0.000020 0.000098 -1.000032 0.000000 1.000000 0.000098 1.000032 0.000000 -0.000020 32123a.dat
1 0 -304.996500 -110.665000 -30.004370 -0.000099 -1.000032 0.000020 -1.000000 0.000099 -0.000001 0.000001 -0.000020 -1.000032 6632.dat
1 1 -289.996700 -110.666500 -30.004070 -1.000032 0.000098 0.000020 0.000098 1.000000 0.000000 -0.000020 0.000000 -1.000032 43093.dat
1 71 -294.996600 -110.666000 -30.004190 -0.000020 0.000098 -1.000032 0.000000 1.000000 0.000098 1.000032 0.000000 -0.000020 32123a.dat
1 0 20.520530 -50.697040 -90.004230 -1.000032 0.000098 0.000020 0.000098 1.000000 0.000000 -0.000020 0.000000 -1.000032 32009.dat
1 1 -59.983900 -60.689050 -90.005760 0.000098 0.000020 -1.000032 1.000000 0.000000 0.000098 0.000000 -1.000032 -0.000020 43093.dat
1 0 -179.987100 -60.677340 -90.008190 0.000098 1.000032 0.000020 1.000000 -0.000098 0.000000 0.000000 0.000020 -1.000032 2780.dat
1 0 -219.990600 -80.673360 -90.009000 -0.000098 0.000020 1.000032 -1.000000 0.000000 -0.000098 0.000000 -1.000032 0.000020 2780.dat
1 0 20.017630 -80.696820 -90.004180 0.000098 1.000032 0.000020 1.000000 -0.000098 0.000000 0.000000 0.000020 -1.000032 2780.dat
1 0 -19.982090 -60.692980 -90.004970 0.000098 1.000032 0.000020 1.000000 -0.000098 0.000000 0.000000 0.000020 -1.000032 2780.dat
1 0 -219.991500 -60.673440 49.995270 0.000098 -0.000020 1.000032 1.000000 0.000000 -0.000098 0.000000 1.000032 0.000020 2780.dat
1 1 -19.993040 -160.693100 -30.003160 -0.000099 1.000032 -0.000020 -1.000000 -0.000099 0.000000 0.000000 0.000020 1.000032 43093.dat
1 0 -19.994010 -170.693100 -30.003010 -1.000032 0.000099 0.000021 0.000100 1.000000 -0.000001 -0.000021 -0.000001 -1.000032 32140.dat
1 15 -99.999500 -150.685300 70.000000 -0.000020 0.000099 -1.000000 0.000000 1.000000 0.000099 1.000000 0.000000 -0.000020 95646.dat
1 71 -19.992060 -150.693100 -30.003070 -0.000099 -0.000020 -1.000032 -1.000000 0.000000 0.000099 0.000000 1.000032 -0.000020 55615.dat
1 71 -179.997100 -150.677300 -30.006400 -0.000099 -1.000032 0.000020 -1.000000 0.000099 0.000000 0.000000 -0.000020 -1.000032 55615.dat
1 0 -200.005000 -230.675300 -70.008410 -0.000020 1.000032 0.000098 0.000001 -0.000098 1.000000 1.000032 0.000020 -0.000001 32526.dat
1 0 0.001410 -230.695100 -70.004360 -0.000020 1.000032 0.000098 0.000001 -0.000098 1.000000 1.000032 0.000020 -0.000001 32526.dat
1 1 -179.998100 -160.677300 -30.006400 -0.000099 0.000020 1.000032 -1.000000 0.000000 -0.000099 0.000000 -1.000032 0.000020 43093.dat
1 0 -179.999000 -170.677300 -30.006330 1.000032 -0.000099 0.000020 -0.000100 -1.000000 0.000001 0.000020 -0.000001 -1.000032 32140.dat
1 0 -19.992300 -160.693100 -70.004820 0.000099 1.000032 0.000020 1.000000 -0.000099 0.000000 0.000000 0.000020 -1.000032 2780.dat
1 0 -179.997300 -160.677300 -70.008040 0.000099 1.000032 0.000020 1.000000 -0.000099 0.000000 0.000000 0.000020 -1.000032 2780.dat
1 0 -19.995230 -190.693000 -70.004760 -1.000032 0.000101 0.000019 0.000101 1.000000 0.000000 -0.000019 0.000000 -1.000032 6558.dat
1 0 -19.994010 -190.693000 -150.007600 -0.000108 1.000032 -0.000015 -1.000000 -0.000108 0.000001 0.000001 0.000015 1.000032 32526.dat
1 0 20.006160 -190.690700 -190.007900 -0.000129 -1.000000 0.000012 -1.000000 0.000129 -0.000001 0.000001 -0.000012 -1.000000 40490.dat
1 0 -79.999170 -191.186200 -110.007300 0.000155 -1.000032 -0.000028 1.000000 0.000155 -0.000025 0.000025 -0.000028 1.000032 32009.dat
1 0 -39.990400 -170.689700 -270.010200 -0.000126 -0.039933 -0.999235 -1.000000 0.000005 0.000126 -0.000005 0.999234 -0.039933 6558.dat
1 0 -279.997600 -150.667800 -150.012900 -1.000032 -0.000096 -0.000021 0.000096 -1.000000 -0.000001 -0.000021 -0.000001 1.000032 41239.dat
1 1 -119.991600 -160.683100 -270.011800 -0.000097 0.000020 1.000032 -1.000000 0.000000 -0.000097 0.000000 -1.000032 0.000020 43093.dat
1 0 -279.997200 -170.667600 -270.515000 -0.000020 0.000097 -1.000032 0.000000 1.000000 0.000097 1.000032 0.000000 -0.000020 32009.dat
1 1 -279.998000 -160.667600 -190.013900 -0.000097 -1.000032 0.000020 -1.000000 0.000097 0.000000 0.000000 -0.000020 -1.000032 43093.dat
1 0 -99.991420 -150.686300 -270.011600 -0.000020 0.000098 -1.000000 0.000001 1.000000 0.000098 1.000000 -0.000001 -0.000020 32524.dat
1 1 80.013840 -160.702600 -190.006600 -0.000097 -1.000032 0.000020 -1.000000 0.000097 0.000000 0.000000 -0.000020 -1.000032 43093.dat
1 0 80.014560 -170.702500 -270.507800 -0.000020 -0.000097 1.000032 0.000000 -1.000000 -0.000097 1.000032 0.000000 0.000020 32009.dat
1 1 -79.990620 -160.687000 -270.011100 -0.000097 0.000020 1.000032 -1.000000 0.000000 -0.000097 0.000000 -1.000032 0.000020 43093.dat
1 0 80.014080 -150.702600 -150.005600 -1.000032 -0.000096 -0.000021 0.000096 -1.000000 -0.000001 -0.000021 -0.000001 1.000032 41239.dat
1 0 80.013340 -140.702600 -150.004900 0.000018 1.000031 0.000000 1.000000 -0.000018 0.000036 0.000036 0.000000 -1.000032 2780.dat
1 0 140.016000 -130.704300 -150.004500 -0.000001 -0.000018 -1.000031 0.000036 -1.000000 0.000018 -1.000032 -0.000036 0.000001 32140.dat
1 1 140.016100 -120.704200 -150.004200 -0.000018 1.000031 0.000000 -1.000000 -0.000018 -0.000036 -0.000036 0.000000 1.000032 43093.dat
1 0 100.014600 -120.703500 -150.004200 -0.000017 0.000000 1.000031 -1.000000 0.000036 -0.000017 -0.000036 -1.000032 0.000000 2780.dat
1 0 80.013840 -140.702600 -170.005400 0.000018 1.000031 0.000000 1.000000 -0.000018 0.000036 0.000036 0.000000 -1.000032 2780.dat
1 0 -279.998400 -140.667600 -150.012100 0.000018 1.000031 0.000000 1.000000 -0.000018 0.000036 0.000036 0.000000 -1.000032 2780.dat
1 0 -339.999200 -130.666700 -170.012300 0.000001 -0.000017 1.000031 -0.000037 -1.000000 -0.000017 1.000032 -0.000037 -0.000001 32140.dat
1 1 -339.999100 -120.666500 -170.012100 -0.000018 1.000031 0.000000 -1.000000 -0.000018 -0.000036 -0.000036 0.000000 1.000032 43093.dat
1 0 -299.998000 -120.667200 -170.011900 -0.000017 0.000000 1.000031 -1.000000 0.000036 -0.000017 -0.000036 -1.000032 0.000000 2780.dat
1 0 -279.998000 -140.667600 -170.012900 0.000018 1.000031 0.000000 1.000000 -0.000018 0.000036 0.000036 0.000000 -1.000032 2780.dat
1 0 -279.999100 -140.667600 -30.008290 0.000097 1.000032 0.000020 1.000000 -0.000097 0.000000 0.000000 0.000020 -1.000032 2780.dat
1 0 -159.993600 -170.680400 -270.012800 -0.000121 1.000032 -0.000022 -1.000000 -0.000121 0.000000 0.000000 0.000022 1.000032 6558.dat
1 0 -119.999100 -191.184800 -110.007400 0.000142 -1.000032 -0.000024 1.000000 0.000142 0.000016 -0.000016 -0.000024 1.000032 32009.dat
1 4 -129.995300 -190.685800 -270.011900 -1.000032 0.000143 0.000025 0.000143 1.000000 -0.000016 -0.000025 -0.000016 -1.000032 32062.dat
1 0 -139.991100 -130.681800 -110.633900 -1.000032 -0.000027 0.000129 0.000129 0.000025 1.000000 -0.000027 1.000032 -0.000025 6536.dat
1 1 -129.990900 -130.683000 -110.008700 -1.000032 0.000129 0.000027 0.000129 1.000000 -0.000025 -0.000027 -0.000025 -1.000032 43093.dat
1 0 -139.993100 -140.681800 -90.007960 0.000114 -1.000032 -0.000026 1.000000 0.000114 0.000013 -0.000013 -0.000026 1.000032 2780.dat
1 0 -199.996000 -230.679800 -290.011200 0.000000 0.000103 1.000000 -0.000068 1.000000 -0.000103 -1.000000 -0.000068 0.000000 6558.dat
1 72 20.002730 -230.684300 -298.001500 0.000000 -0.082922 0.996557 0.000014 0.996557 0.082922 -1.000000 0.000014 0.000001 87083.dat
1 0 -239.997300 -230.680500 -278.001500 0.000000 0.000140 1.000000 -0.000017 1.000000 -0.000140 -1.000000 -0.000017 0.000000 2780.dat
1 0 -219.997000 -190.678300 -190.011000 -0.000136 -1.000000 0.000016 -1.000000 0.000136 -0.000013 0.000013 -0.000016 -1.000000 40490.dat
1 0 -179.998600 -190.677500 -150.011000 -0.000111 1.000032 -0.000019 -1.000000 -0.000112 0.000001 0.000001 0.000020 1.000032 32526.dat
1 0 -180.000300 -190.677200 -70.008040 1.000032 0.000080 -0.000066 -0.000102 0.877583 -0.479425 0.000020 0.479441 0.877615 6558.dat
1 0 -100.014700 -210.685200 -70.006340 -0.000098 0.000020 1.000032 -1.000000 0.000000 -0.000098 0.000000 -1.000032 0.000020 64179.dat
1 0 -19.999380 -230.693100 -70.004760 -1.000032 0.000100 0.000018 0.000100 1.000000 0.000000 -0.000018 0.000000 -1.000032 6558.dat
1 0 -180.004400 -230.677200 -70.007980 1.000032 0.000080 -0.000067 -0.000102 0.877583 -0.479425 0.000020 0.479441 0.877615 6558.dat
1 0 -279.996900 -160.667600 -230.014700 -0.000097 -1.000032 0.000020 -1.000000 0.000097 0.000000 0.000000 -0.000020 -1.000032 2780.dat
1 0 80.012620 -140.702800 -30.000940 0.000098 1.000032 0.000020 1.000000 -0.000098 0.000000 0.000000 0.000020 -1.000032 2780.dat
1 0 80.014560 -160.702500 -230.007400 0.000097 1.000032 0.000020 1.000000 -0.000097 0.000000 0.000000 0.000020 -1.000032 2780.dat
1 1 80.023360 -80.702350 -270.007800 -0.000097 -1.000032 0.000020 -1.000000 0.000097 0.000000 0.000000 -0.000020 -1.000032 43093.dat
1 0 80.020180 -110.702300 -269.507700 1.000032 -0.000020 -0.000098 -0.000098 0.000000 -1.000000 0.000020 1.000032 0.000000 32034.dat
1 1 80.017250 -140.702500 -270.007800 0.000097 1.000032 0.000020 1.000000 -0.000097 0.000000 0.000000 0.000020 -1.000032 43093.dat
1 0 80.021890 -70.702670 -150.005600 -1.000032 -0.000097 -0.000020 0.000097 -1.000000 -0.000001 -0.000020 -0.000001 1.000032 41239.dat
1 0 80.019200 -80.702670 -70.002590 0.000098 1.000032 0.000020 1.000000 -0.000098 0.000000 0.000000 0.000020 -1.000032 2780.dat
1 0 80.018480 -80.702780 -30.000940 0.000098 1.000032 0.000020 1.000000 -0.000098 0.000000 0.000000 0.000020 -1.000032 2780.dat
1 0 -279.998400 -140.667600 -70.009940 0.000097 1.000032 0.000020 1.000000 -0.000097 0.000000 0.000000 0.000020 -1.000032 2780.dat
1 0 80.013340 -140.702700 -70.002590 0.000097 1.000032 0.000020 1.000000 -0.000097 0.000000 0.000000 0.000020 -1.000032 2780.dat
1 1 -279.988400 -80.667500 -270.015000 -0.000097 -1.000032 0.000020 -1.000000 0.000097 0.000000 0.000000 -0.000020 -1.000032 43093.dat
1 0 -279.991400 -110.667500 -269.514900 1.000032 -0.000020 -0.000098 -0.000098 0.000000 -1.000000 0.000020 1.000032 0.000000 32034.dat
1 1 -279.994200 -140.667600 -270.015000 0.000097 1.000032 0.000020 1.000000 -0.000097 0.000000 0.000000 0.000020 -1.000032 43093.dat
1 0 -279.989800 -70.667430 -150.012800 -1.000032 -0.000097 -0.000020 0.000097 -1.000000 -0.000001 -0.000020 -0.000001 1.000032 41239.dat
1 0 -279.992300 -80.667500 -70.009880 0.000098 1.000032 0.000020 1.000000 -0.000098 0.000000 0.000000 0.000020 -1.000032 2780.dat
1 0 -279.993300 -80.667520 -30.008220 0.000098 1.000032 0.000020 1.000000 -0.000098 0.000000 0.000000 0.000020 -1.000032 2780.dat
1 0 -59.989500 -130.689200 -110.630600 1.000032 -0.000021 -0.000150 -0.000150 0.000000 -1.000000 0.000021 1.000032 0.000000 6536.dat
1 1 -69.989920 -130.687700 -110.005800 1.000032 0.000151 -0.000021 -0.000151 1.000000 0.000000 0.000021 0.000000 1.000032 43093.dat
1 0 -59.990720 -140.688600 -90.005460 0.000129 1.000032 0.000023 1.000000 -0.000129 0.000010 0.000010 0.000023 -1.000032 2780.dat
1 0 20.016900 -60.697030 50.000100 -0.000097 -0.000020 -1.000032 -1.000000 0.000000 0.000097 0.000000 1.000032 -0.000020 2780.dat
1 0 -219.990600 -60.673400 9.994010 0.000098 -0.000020 1.000032 1.000000 0.000000 -0.000098 0.000000 1.000032 0.000020 2780.dat
1 0 -159.995900 -160.679300 -90.007900 0.000098 -0.837637 0.546293 1.000000 0.000082 -0.000053 0.000000 0.546293 0.837637 2780.dat
1 0 -39.992590 -160.691100 -90.005460 0.000100 -0.990565 0.137282 1.000000 0.000099 -0.000014 0.000001 0.137282 0.990565 2780.dat
1 0 -19.991810 -160.693100 -90.005030 0.000100 -0.990539 0.137463 1.000000 0.000099 -0.000014 0.000001 0.137463 0.990540 2780.dat
1 0 20.017630 -60.696980 9.998830 -0.000097 0.524434 -0.851493 -1.000000 -0.000051 0.000082 0.000000 0.851493 0.524434 2780.dat
1 0 20.015710 -60.697090 110.002300 0.000099 1.000032 0.000020 1.000000 -0.000099 0.000000 0.000000 0.000020 -1.000032 2780.dat
1 72 26.015980 -50.697670 150.003500 1.000032 0.000099 -0.000020 -0.000099 1.000000 0.000000 0.000020 0.000000 1.000032 87083.dat
1 71 49.016780 -50.699900 150.004000 -0.000020 0.000099 -1.000032 0.000000 1.000000 0.000099 1.000032 0.000000 -0.000020 32123a.dat
1 71 59.016880 -50.700920 150.004100 -0.000020 0.000099 -1.000032 0.000000 1.000000 0.000099 1.000032 0.000000 -0.000020 32123a.dat
1 0 20.016150 -50.697090 130.002800 1.000032 0.000020 0.000099 -0.000099 0.000000 1.000000 0.000020 -1.000032 0.000000 42003.dat
1 0 20.015220 -60.697090 130.002800 0.000099 1.000032 0.000020 1.000000 -0.000099 0.000000 0.000000 0.000020 -1.000032 2780.dat
1 0 38.766500 -50.698540 150.001800 -0.000054 0.000197 -1.000032 -1.000000 0.000437 0.000054 0.000437 1.000032 0.000197 32187.dat
1 0 -179.996800 -160.677300 -90.008300 0.000098 -0.831680 0.555320 1.000000 0.000081 -0.000054 0.000000 0.555320 0.831680 2780.dat
1 0 -179.996800 -130.677500 159.997900 0.000020 0.000099 1.000000 0.000000 1.000000 -0.000099 -1.000000 0.000000 0.000020 2780.dat
1 0 -99.999320 -130.687900 170.019900 -0.000055 -0.000198 1.000000 -1.000000 0.000105 -0.000055 -0.000106 -1.000000 -0.000198 41239.dat
1 19 -220.005100 -130.691600 160.040700 -0.000389 0.020598 -0.999788 -0.000457 -0.999788 -0.020599 -0.999999 0.000449 0.000398 32002.dat
1 0 -19.996760 -130.693200 160.001200 0.000020 0.000099 1.000000 0.000000 1.000000 -0.000099 -1.000000 0.000000 0.000020 2780.dat
1 19 19.995570 -130.704500 159.993200 -0.000389 0.020598 -0.999788 -0.000457 -0.999788 -0.020599 -0.999999 0.000449 0.000398 32002.dat
1 0 -219.993000 -60.673370 129.998000 0.000099 1.000032 0.000020 1.000000 -0.000099 0.000000 0.000000 0.000020 -1.000032 2780.dat
1 72 -225.992400 -50.672780 149.998500 -1.000032 0.000099 0.000020 0.000099 1.000000 0.000000 -0.000020 0.000000 -1.000032 87083.dat
1 71 -248.993100 -50.670520 149.997900 0.000020 0.000099 1.000032 0.000000 1.000000 -0.000099 -1.000032 0.000000 0.000020 32123a.dat
1 71 -258.993600 -50.669560 149.997700 0.000020 0.000099 1.000032 0.000000 1.000000 -0.000099 -1.000032 0.000000 0.000020 32123a.dat
1 0 -219.991900 -50.673400 129.998000 1.000032 0.000020 0.000099 -0.000099 0.000000 1.000000 0.000020 -1.000032 0.000000 42003.dat
1 0 -238.742800 -50.671140 150.000000 -0.000144 -0.000197 1.000032 -1.000000 0.000438 -0.000144 -0.000438 -1.000032 -0.000197 32187.dat
1 0 -219.992400 -60.673370 109.997400 0.000099 1.000032 0.000020 1.000000 -0.000099 0.000000 0.000000 0.000020 -1.000032 2780.dat
1 4 130.015700 -130.707700 -50.001000 1.000032 0.000098 -0.000020 -0.000098 1.000000 0.000000 0.000020 0.000000 1.000032 32062.dat
1 0 145.019900 -90.709010 -50.000700 0.000021 1.000032 -0.000098 0.000001 -0.000097 -1.000000 -1.000032 0.000021 -0.000001 6632.dat
1 4 130.019600 -90.707610 -50.001000 1.000032 0.000098 -0.000020 -0.000098 1.000000 0.000000 0.000020 0.000000 1.000032 32062.dat
1 72 110.017100 -110.705700 -50.001460 1.000032 0.000098 -0.000020 -0.000098 1.000000 0.000000 0.000020 0.000000 1.000032 87083.dat
1 71 115.017100 -110.706100 -49.996970 0.000020 0.000098 1.000032 0.000000 1.000000 -0.000098 -1.000032 0.000000 0.000020 32123a.dat
1 71 95.016280 -110.704200 -49.997400 0.000020 0.000098 1.000032 0.000000 1.000000 -0.000098 -1.000032 0.000000 0.000020 32123a.dat
1 71 130.011700 -111.281400 -50.041070 0.000402 0.000204 1.000031 0.000938 -1.000000 0.000204 1.000032 0.000938 -0.000402 86652.dat
1 0 129.261400 -110.781400 -50.041260 -0.000441 0.000128 1.000031 0.707040 0.707174 0.000221 -0.707190 0.707056 -0.000402 32019.dat
1 0 -119.995200 -160.683200 -90.007060 -0.000098 0.000020 1.000032 -1.000000 0.000000 -0.000098 0.000000 -1.000032 0.000020 2780.dat
1 0 -99.995050 -170.685200 -130.007900 1.000032 0.000098 -0.000020 -0.000098 1.000000 0.000000 0.000020 0.000000 1.000032 60484.dat
1 0 -99.994320 -160.685200 -110.007500 0.000098 -0.000020 1.000032 1.000000 0.000000 -0.000098 0.000000 1.000032 0.000020 2780.dat
1 71 -139.991300 -130.681200 -150.010700 1.000032 -0.000020 -0.000098 -0.000098 0.000000 -1.000000 0.000020 1.000032 0.000000 95650.dat
1 1 -99.985770 -80.685030 -150.009900 -0.000098 1.000032 -0.000020 -1.000000 -0.000098 0.000000 0.000000 0.000020 1.000032 43093.dat
1 0 -99.986750 -90.685030 -150.009900 1.000032 0.000020 0.000098 -0.000098 -0.000001 1.000000 0.000020 -1.000032 -0.000001 32039.dat
1 71 -99.988700 -110.685000 -150.009900 1.000032 0.000098 -0.000020 -0.000098 1.000000 0.000000 0.000020 0.000000 1.000032 44294.dat
1 71 -119.989100 -110.183000 -150.010300 -0.000020 0.000098 -1.000032 0.000000 1.000000 0.000098 1.000032 0.000000 -0.000020 3713.dat
1 71 -79.988170 -110.187000 -150.009600 -0.000020 0.000098 -1.000032 0.000000 1.000000 0.000098 1.000032 0.000000 -0.000020 3713.dat
1 0 -44.990680 -150.690600 -150.008900 0.000020 -1.000032 0.000098 -0.000001 0.000097 1.000000 -1.000032 -0.000020 -0.000001 6632.dat
1 0 -154.993800 -150.679800 -150.011000 0.000020 -1.000032 0.000098 -0.000001 0.000097 1.000000 -1.000032 -0.000020 -0.000001 6632.dat
1 0 -34.990380 -150.691500 -150.008500 0.000020 -1.000032 0.000098 -0.000001 0.000097 1.000000 -1.000032 -0.000020 -0.000001 6632.dat
1 0 -164.994200 -150.678800 -150.011200 0.000020 -1.000032 0.000098 -0.000001 0.000097 1.000000 -1.000032 -0.000020 -0.000001 6632.dat
1 71 -99.992730 -150.685200 -150.009900 1.000032 0.000098 -0.000020 -0.000098 1.000000 0.000000 0.000020 0.000000 1.000032 44294.dat
1 71 -79.992090 -150.187100 -150.009600 -0.000020 0.000098 -1.000032 0.000000 1.000000 0.000098 1.000032 0.000000 -0.000020 3713.dat
1 71 -119.993000 -150.183200 -150.010300 -0.000020 0.000098 -1.000032 0.000000 1.000000 0.000098 1.000032 0.000000 -0.000020 3713.dat
1 0 -99.992850 -150.685200 -130.008600 -1.000032 -0.000020 0.000098 0.000098 0.000000 1.000000 -0.000020 1.000032 0.000000 42003.dat
1 71 -59.989500 -130.689100 -150.009200 1.000032 -0.000020 -0.000098 -0.000098 0.000000 -1.000000 0.000020 1.000032 0.000000 95650.dat
1 0 -99.982600 -70.684970 -250.011800 -1.000032 0.000099 0.000020 0.000099 1.000000 0.000001 -0.000020 0.000001 -1.000032 64871.dat
1 1 -99.978870 -80.683600 -350.015700 0.000018 1.000000 0.000000 -1.000000 0.000018 -0.000035 -0.000035 0.000000 1.000000 43093.dat
1 0 -99.977370 -90.683460 -350.016100 0.000000 0.999993 0.000018 0.000036 0.000018 -0.999998 -1.000000 0.000000 -0.000036 45590.dat
1 1 -99.979350 -80.683580 -370.016600 0.000018 1.000000 0.000000 -1.000000 0.000018 -0.000035 -0.000035 0.000000 1.000000 43093.dat
1 0 -99.985650 -70.685100 -110.007400 -0.000098 -1.000032 0.000020 -1.000000 0.000098 0.000000 0.000000 -0.000020 -1.000032 6558.dat
1 0 -99.986980 -90.685090 -130.007900 1.000032 0.000098 -0.000020 -0.000098 1.000000 0.000000 0.000020 0.000000 1.000032 60484.dat
1 0 -79.985500 -70.687030 -90.006190 -0.000098 1.000032 -0.000020 -1.000000 -0.000098 0.000000 0.000000 0.000020 1.000032 6558.dat
1 0 -99.983120 -50.685180 -130.007800 1.000032 0.000098 -0.000020 -0.000098 1.000000 0.000000 0.000020 0.000000 1.000032 60484.dat
1 0 -119.986500 -70.683140 -90.006980 -0.000098 1.000032 -0.000020 -1.000000 -0.000098 0.000000 0.000000 0.000020 1.000032 6558.dat
1 0 -99.985160 -70.685060 -130.008500 -0.000098 -1.000032 0.000020 -1.000000 0.000098 0.000000 0.000000 -0.000020 -1.000032 6558.dat
1 0 -99.993830 -160.685200 -130.008600 0.000098 -0.000020 1.000032 1.000000 0.000000 -0.000098 0.000000 1.000032 0.000020 2780.dat
1 0 -79.994350 -160.687100 -90.006250 -0.000098 0.000020 1.000032 -1.000000 0.000000 -0.000098 0.000000 -1.000032 0.000020 2780.dat
1 0 20.011770 -140.697000 -90.004180 0.000098 1.000032 0.000020 1.000000 -0.000098 0.000000 0.000000 0.000020 -1.000032 2780.dat
1 0 -219.996300 -140.673400 -90.009070 0.000098 1.000032 0.000020 1.000000 -0.000098 0.000000 0.000000 0.000020 -1.000032 2780.dat
1 15 20.006880 -230.689400 -280.008000 1.000000 0.000000 0.000000 0.000000 1.000000 0.000000 0.000000 0.000000 1.000000 99455.dat
1 15 -219.996000 -230.677700 -280.011200 1.000000 0.000000 0.000000 0.000000 1.000000 0.000000 0.000000 0.000000 1.000000 99455.dat
1 15 -289.996300 -110.673300 -50.008350 0.000000 0.000000 1.000025 -1.000000 0.000000 0.000000 0.000000 -1.000026 0.000000 99455.dat
1 15 90.016700 -110.703700 -49.997640 0.000000 0.000000 -1.000025 1.000000 0.000000 0.000000 0.000000 -1.000026 0.000000 99455.dat
1 15 -319.998600 -110.666500 -170.011300 0.000000 0.000000 1.000005 1.000000 0.000000 0.000000 0.000000 1.000006 0.000000 ms1038.dat
1 15 120.016000 -110.704200 -150.004200 0.000000 0.000000 -1.000005 -1.000000 0.000000 0.000000 0.000000 1.000006 0.000000 ms1038.dat
1 0 99.023170 -50.702900 -230.006300 0.000027 0.000217 -1.000005 -1.000000 0.000401 -0.000027 0.000401 1.000006 0.000217 32187.dat
1 71 90.022990 -50.702590 -230.008600 1.000005 0.000000 0.000000 0.000000 1.000000 0.000000 0.000000 0.000000 1.000006 3673.dat
1 1 80.022930 -60.702590 -250.008600 0.000000 -1.000005 0.000000 1.000000 0.000000 0.000000 0.000000 0.000000 1.000006 43093.dat
1 1 80.022140 -60.702660 -210.007500 0.000000 -1.000005 0.000000 1.000000 0.000000 0.000000 0.000000 0.000000 1.000006 43093.dat
1 1 -279.988900 -60.667350 -250.015800 0.000000 -1.000005 0.000000 1.000000 0.000000 0.000000 0.000000 0.000000 1.000006 43093.dat
1 1 -279.989700 -60.667380 -210.014800 0.000000 -1.000005 0.000000 1.000000 0.000000 0.000000 0.000000 0.000000 1.000006 43093.dat
1 0 80.022930 -50.702590 -230.008600 0.000000 0.000000 -1.000005 1.000000 0.000000 0.000000 0.000000 -1.000006 0.000000 32184.dat
1 0 -279.988900 -50.667350 -230.015800 0.000000 0.000000 -1.000005 1.000000 0.000000 0.000000 0.000000 -1.000006 0.000000 32184.dat
1 0 -298.990700 -50.667620 -230.018700 -0.000027 -0.000217 1.000006 -1.000000 0.000401 -0.000027 -0.000401 -1.000006 -0.000217 32187.dat
1 71 -289.989000 -50.667350 -230.015800 -1.000005 0.000000 0.000000 0.000000 1.000000 0.000000 0.000000 0.000000 -1.000006 3673.dat
1 0 20.000320 -230.680700 -308.541500 -0.996558 -0.000002 -0.082906 -0.082906 -0.000014 0.996558 -0.000003 1.000000 0.000013 6629.dat
1 72 -219.997200 -230.684300 -298.001700 0.000003 0.996702 -0.081145 0.000002 -0.081149 -0.996701 -1.000000 0.000003 -0.000002 87083.dat
1 0 -219.997200 -230.684300 -308.001700 0.996702 0.000004 0.081149 -0.081149 0.000005 0.996702 0.000004 -1.000000 0.000006 6629.dat
1 0 -144.199500 -88.370170 -347.050800 -0.846104 -0.533082 -0.000047 -0.533137 0.846058 0.000053 0.000011 0.000070 -1.000000 45590.dat
1 0 -144.198900 -88.365500 -364.971200 -0.846050 -0.533104 -0.000047 -0.533104 0.846050 0.000053 0.000011 0.000070 -1.000000 45590.dat
1 0 -161.123400 -99.031970 -328.229800 0.846068 -0.533110 0.000015 0.533106 0.846045 -0.000003 -0.000011 0.000010 1.000000 45590.dat
1 0 -99.992380 -190.697400 -270.009700 1.000000 0.000000 0.000000 0.000000 1.000000 0.000000 0.000000 0.000000 1.000000 32073.dat
1 0 -99.992380 -170.697400 -270.009700 1.000000 0.000000 0.000000 0.000000 0.000000 1.000000 0.000000 -1.000000 0.000000 32039.dat
1 0 -99.983980 -80.684990 -230.011200 0.000099 1.000000 0.000020 1.000000 -0.000099 0.000000 0.000000 0.000020 -1.000000 2780.dat
1 0 -99.986550 -90.684990 -250.011200 -1.000000 -0.000020 -0.000099 -0.000099 0.000000 1.000000 -0.000020 1.000000 0.000000 42003.dat
1 0 -58.256140 -90.677860 -270.009700 0.000000 -1.000000 0.000000 0.000000 0.000000 1.000000 -1.000000 0.000000 0.000000 60483.dat
1 0 -138.256100 -90.677890 -270.009700 0.000000 -1.000000 0.000000 0.000000 0.000000 1.000000 -1.000000 0.000000 0.000000 60483.dat
1 0 -99.981590 -90.684970 -250.011800 0.000000 0.000032 -1.000000 1.000000 0.000000 0.000000 0.000000 -1.000000 -0.000032 6558.dat
1 0 -99.981590 -110.685000 -270.011800 1.000000 0.000000 0.000000 0.000000 1.000000 0.000000 0.000000 0.000000 1.000000 60483.dat
1 0 -99.992370 -140.697400 -270.009700 0.000000 -1.000000 0.000000 1.000000 0.000000 0.000000 0.000000 0.000000 1.000000 3705.dat
1 0 -98.256110 -90.677890 -270.009700 1.000000 0.000000 0.000000 0.000000 1.000000 0.000000 0.000000 0.000000 1.000000 32073.dat
1 71 -199.998300 -190.678600 -130.010800 0.000000 0.000000 1.000000 1.000000 0.000000 0.000000 0.000000 1.000000 0.000000 48989.dat
1 4 -199.996000 -190.677700 -250.011200 -1.000000 0.000000 0.000000 0.000000 1.000000 0.000000 0.000000 0.000000 -1.000000 32054.dat
1 0 -279.999400 -190.667600 -210.513100 0.000000 0.000000 -1.000000 1.000000 0.000000 0.000000 0.000000 -1.000000 0.000000 32013.dat
1 0 -279.999400 -180.667600 -210.513100 -0.000097 -1.000000 0.000020 -1.000000 0.000097 0.000000 0.000000 -0.000020 -1.000000 2780.dat
1 1 -129.996400 -191.187700 -210.009900 -1.000000 0.000021 -0.000005 0.000004 0.420801 0.907153 0.000021 0.907153 -0.420801 43093.dat
1 4 -149.996400 -191.190400 -210.008700 0.000001 -0.000005 1.000000 -0.420801 0.907153 0.000005 -0.907153 -0.420801 -0.000001 59443.dat
1 0 -209.996400 -191.187800 -210.010000 1.000000 0.000000 -0.000001 0.000000 0.907153 0.420801 0.000001 -0.420801 0.907153 3706.dat
1 71 -118.256100 -90.677890 -270.009700 0.000000 0.000000 1.000000 0.000000 1.000000 0.000000 -1.000000 0.000000 0.000000 3713.dat
1 71 -78.256120 -90.677890 -270.009700 0.000000 0.000000 1.000000 0.000000 1.000000 0.000000 -1.000000 0.000000 0.000000 3713.dat
1 71 -179.996400 -191.187800 -210.009900 0.000001 0.000000 1.000000 -0.420801 0.907153 0.000000 -0.907153 -0.420801 0.000001 3713.dat
1 71 0.005680 -190.691900 -130.007800 0.000000 0.000000 1.000000 1.000000 0.000000 0.000000 0.000000 1.000000 0.000000 48989.dat
1 4 0.006880 -190.689400 -250.008000 1.000000 0.000000 0.000000 0.000000 1.000000 0.000000 0.000000 0.000000 1.000000 32054.dat
1 0 80.016520 -190.700600 -210.505300 0.000000 0.000000 1.000000 1.000000 0.000000 0.000000 0.000000 1.000000 0.000001 32013.dat
1 0 80.016260 -180.702500 -210.505900 0.000097 1.000000 -0.000020 -1.000000 0.000097 0.000000 0.000000 0.000020 1.000000 2780.dat
1 1 -69.996690 -191.182100 -210.011200 1.000000 -0.000021 0.000005 0.000004 0.420801 0.907153 -0.000021 -0.907153 0.420801 43093.dat
1 4 -49.996660 -191.184800 -210.011900 -0.000001 0.000005 -1.000000 -0.420800 0.907151 0.000005 0.907154 0.420801 0.000001 59443.dat
1 71 -19.996630 -191.182200 -210.010600 -0.000001 0.000000 -1.000000 -0.420800 0.907151 0.000000 0.907154 0.420801 -0.000001 3713.dat
1 0 10.016530 -190.700600 -210.505300 1.000000 0.000000 0.000000 0.000000 1.000000 0.000000 0.000000 0.000000 1.000000 3706.dat
1 0 -39.994180 -190.689700 -270.010300 0.000000 0.000000 1.000000 -1.000000 0.000000 0.000000 0.000000 -1.000000 0.000000 32034.dat
1 0 -159.997200 -190.680400 -270.012800 0.000000 0.000000 1.000000 -1.000000 0.000000 0.000000 0.000000 -1.000000 0.000000 32034.dat
1 72 10.005820 -190.689700 -270.010300 1.000000 0.000000 0.000000 0.000000 1.000000 0.000000 0.000000 0.000000 1.000000 87083.dat
1 72 -208.675700 -190.686300 -270.010200 -1.000000 0.000000 0.000000 0.000000 1.000000 0.000000 0.000000 0.000000 -1.000000 87083.dat
1 71 0.005820 -190.689700 -270.010300 0.000000 0.000000 1.000000 0.000000 1.000000 0.000000 -1.000000 0.000000 0.000000 3713.dat
1 71 -199.915700 -190.686300 -270.010200 0.000000 0.000000 1.000000 0.000000 1.000000 0.000000 -1.000000 0.000000 0.000000 3713.dat
1 0 -99.997310 -230.680800 -288.001500 0.000000 0.000000 1.000000 -1.000000 0.000000 0.000000 0.000000 -1.000000 0.000000 32278.dat
1 0 -159.997300 -230.682800 -308.001500 0.000000 0.000103 1.000000 -0.000068 1.000000 -0.000103 -1.000000 -0.000068 0.000000 6558.dat
1 0 -159.996000 -230.681800 -310.011100 0.000000 0.000000 -1.000000 1.000000 0.000000 0.000000 0.000000 -1.000000 0.000000 60484.dat
1 0 -39.993120 -230.686700 -310.008000 0.000000 0.000000 1.000000 1.000000 0.000000 0.000000 0.000000 1.000000 0.000000 60484.dat
1 0 -39.997310 -230.682800 -308.001600 0.000000 0.000103 1.000000 -0.000068 1.000000 -0.000103 -1.000000 -0.000068 0.000000 6558.dat
1 0 0.006880 -230.687400 -290.008000 0.000000 -0.000103 -1.000000 -0.000068 1.000000 -0.000103 1.000000 0.000068 0.000000 6558.dat
1 0 -99.997280 -230.684900 -328.001500 0.000000 0.000000 -1.000000 -1.000000 0.000000 0.000000 0.000000 1.000000 0.000000 41239.dat
1 0 -56.071300 -88.524490 -347.719500 0.847026 0.531581 0.000042 -0.531641 0.847002 0.000056 -0.000005 -0.000070 1.000000 45590.dat
1 0 -56.070420 -88.521590 -329.798700 0.846985 0.531610 0.000042 -0.531620 0.847001 0.000056 -0.000005 -0.000070 1.000000 45590.dat
1 0 -39.128860 -99.156380 -366.539900 -0.846990 0.531610 -0.000010 0.531610 0.846990 -0.000006 0.000005 -0.000010 -1.000000 45590.dat
1 0 -161.119600 -99.029830 -334.971000 -0.000020 -0.533104 0.846050 0.000070 0.846050 0.533104 -1.000000 0.000070 0.000020 3705.dat
1 0 -39.128850 -99.156020 -336.539900 -0.000003 0.531610 0.846990 -0.000010 0.846990 -0.531610 -1.000000 -0.000010 0.000003 3705.dat
1 0 11.707760 -131.024800 -298.540200 0.000099 1.000000 0.000020 0.000000 0.000020 -1.000000 -1.000000 0.000099 0.000000 2780.dat
1 0 -5.231800 -120.391800 -298.540100 0.000087 0.846990 -0.531610 -0.000040 -0.531610 -0.846990 -1.000000 0.000095 -0.000012 2780.dat
1 0 -211.883600 -131.017300 -298.001500 0.000083 0.846041 0.533100 0.000055 0.533101 -0.846050 -1.000005 0.000100 -0.000002 2780.dat
1 0 -194.961800 -120.355600 -298.000100 0.000083 0.846041 0.533100 0.000055 0.533101 -0.846050 -1.000005 0.000100 -0.000002 2780.dat
1 0 -226.962000 -69.599010 -287.995000 -0.846064 0.000000 0.533038 -0.533104 0.000002 -0.845975 -0.000001 -0.999905 -0.000002 32140.dat
1 0 11.708070 -131.023700 -298.540200 -0.000084 -0.846052 -0.533101 0.000055 0.533101 -0.846052 1.000000 -0.000100 0.000002 2780.dat
1 0 -5.231730 -120.391400 -298.540100 -0.000084 -0.846052 -0.533101 0.000055 0.533101 -0.846052 1.000000 -0.000100 0.000002 2780.dat
1 0 26.772030 -69.599430 -288.540300 0.846058 0.000000 -0.533091 -0.533091 0.000002 -0.846058 0.000001 1.000000 0.000002 32140.dat
